Number of DataSets:
4
Number of genes:
24
ORF	NAME	GWEIGHT
YDR146C	1	1
YER111C	2	1
YLR182W	3	1
YDL056W	4	1
YLR131C	5	1
YMR043W	6	1
YNL068C	7	1
YIL131C	8	1
YLR079W	9	1
YAL040C	10	1
YMR199W	11	1
YPL256C	12	1
YJL157C	13	1
YPR120C	14	1
YGR109C	15	1
YDR507C	16	1
YJL187C	17	1
YGL116W	18	1
YHR152W	19	1
YKL103C	20	1
YML064C	21	1
YGR108W	22	1
YPR119W	23	1
YOR372C	24	1
DataSet  1:
Brief description: Cellcyle dataset for Elutriation2:Sample2 timepoints in hours
Number of Rows, Columns
24,14
Time point of every sample
0.0     0.5     1.0     1.5     2.0     2.5     3.0     3.5     4.0     4.5     5.0     5.5     6.0     6.5
Weight of the DataSet
0.0
Matrix
-1.38	-0.92	-0.82	-0.67	-0.64	-0.80	0.05	0.62	0.74	0.71	0.78	0.75	0.80	0.46	
-1.11	0.05	-0.14	0.20	0.15	-0.02	-0.11	-0.14	-0.42	-0.32	-0.15	-0.14	-0.24	-0.02	
-0.41	-0.59	-0.75	-0.45	-0.14	-0.08	-0.13	0.01	0.31	0.44	-0.09	0.45	-0.11	-0.10	
0.33	0.99	0.07	0.02	-0.14	0.35	0.29	0.38	0.25	0.24	0.07	0.05	0.58	0.31	
-1.17	-0.89	-0.95	-0.80	-0.68	-0.74	-0.63	-0.05	0.26	0.27	0.24	0.37	0.49	0.02	
0.15	0.00	0.17	0.42	0.37	0.31	0.42	0.59	0.37	0.51	0.58	0.28	0.64	0.40	
0.00	-0.44	-0.33	-0.24	-0.29	0.09	-0.01	0.04	0.46	0.16	0.01	0.09	0.35	0.10	
-1.89	-1.13	-0.84	-0.53	0.02	-0.21	0.03	0.70	0.43	0.15	-0.41	0.12	0.18	-0.32	
0.55	-0.91	-0.43	-0.44	-0.60	-0.67	-0.61	-0.56	-0.35	-0.47	0.22	0.57	0.75	0.45	
-0.73	-0.01	-0.26	0.28	-0.01	-0.07	-0.43	-0.47	-0.20	-0.10	-0.23	0.31	-0.12	0.29	
0.00	-2.65	-1.31	-0.53	-0.01	0.56	0.34	0.29	0.38	0.23	0.05	-0.01	-0.41	0.08	
-1.98	0.00	-1.20	0.01	0.46	0.74	0.62	0.55	0.33	0.56	0.38	-0.41	-0.62	0.79	
-2.61	-0.18	-0.37	-0.06	-0.29	-0.51	-0.58	-0.45	-0.03	-0.29	0.06	0.50	0.38	0.05	
-0.52	-0.74	-0.60	0.19	0.18	0.28	0.11	0.20	-0.36	-0.15	-0.17	-0.36	-0.69	-0.62	
-1.60	0.00	-0.95	-1.19	0.04	0.44	0.38	0.05	-0.39	0.10	0.18	-0.97	0.00	-0.36	
-1.82	-1.32	-0.83	0.06	0.47	0.83	0.97	0.57	0.13	0.73	0.15	-0.07	-0.13	0.33	
-0.71	-0.44	-0.36	-0.06	0.06	0.49	0.48	0.28	-0.02	0.01	0.26	0.55	-0.22	-0.15	
-1.13	-0.57	-0.42	-0.61	-0.67	-0.50	-0.50	-0.07	0.41	0.45	0.76	0.49	0.19	0.40	
-0.17	-0.12	-0.04	0.11	0.13	0.11	0.07	0.04	0.14	0.03	0.51	0.49	0.02	0.09	
0.94	0.78	0.07	-0.05	-0.91	-0.72	-0.53	-0.19	0.16	-0.67	-0.51	0.39	0.86	0.42	
-0.95	-0.54	-0.34	-0.50	-0.05	-0.58	-0.01	-0.01	-0.02	-0.17	-0.15	-0.13	-0.29	-0.24	
-2.66	-2.46	-2.55	-2.67	-1.24	-0.62	0.06	0.38	0.49	0.49	0.93	0.39	0.40	-0.03	
-2.49	0.00	-1.71	-1.35	-1.17	-0.54	0.51	0.44	0.40	0.95	1.12	0.68	0.77	0.48	
-0.14	-0.56	-0.68	-0.80	-0.32	0.26	-0.08	0.32	0.18	0.29	0.27	-0.04	-0.21	-0.29	
DataSet  2:
Brief description: Cellcyle dataset for cdc15 timepoints in minutes
Number of Rows, Columns
24,24
Time point of every sample
010     030     050     070     080     090     100     110     120     130     140     150     160     170     180     190     200     210     220     230     240     250     270     290
Weight of the DataSet
0.0
Matrix
-0.90	-1.44	-1.85	-0.11	0.51	0.42	0.97	0.47	0.12	-1.07	-1.17	-2.12	0.00	-1.30	-0.56	0.27	0.21	0.15	0.04	1.70	0.08	-0.42	-1.18	-0.87	
0.08	0.56	-0.84	-0.27	-0.20	-1.99	-0.12	0.73	0.09	-1.96	0.61	-0.17	-0.08	-0.08	0.16	-0.44	-1.00	-0.40	0.10	0.18	-0.52	-0.94	0.50	-0.54	
-0.41	-0.01	0.46	0.33	-1.22	-0.22	-0.64	-0.82	-1.46	-0.38	0.05	-0.29	0.00	0.44	-0.51	0.18	0.00	-0.18	-0.78	0.53	-1.26	-0.09	0.07	-0.05	
-2.77	-1.89	-1.23	-1.16	0.56	-1.32	-0.25	0.00	-0.10	-2.47	0.24	-1.82	0.00	0.00	-0.20	-0.67	0.14	-1.20	0.22	1.09	-0.46	-1.79	-2.77	-2.60	
-0.67	-1.09	-0.80	-0.12	-0.24	0.23	-0.04	0.19	-0.29	-0.54	-0.88	-1.57	-0.96	-0.63	-0.54	0.08	-0.12	-0.02	-0.87	0.20	-0.86	-0.36	-0.57	-0.56	
1.15	0.92	0.59	0.30	0.09	0.28	0.15	0.20	-0.30	0.34	-0.16	-0.12	0.00	0.32	0.24	0.45	-0.21	-0.09	0.15	1.27	-1.73	0.27	0.03	-0.03	
0.00	0.00	-0.39	-3.17	0.00	-1.00	0.00	0.00	0.00	0.00	0.00	0.00	0.00	0.00	1.07	-0.94	0.00	0.00	0.00	0.00	0.00	-0.77	0.00	0.00	
0.20	0.07	0.02	-0.21	0.76	-0.62	0.00	0.17	-0.48	-0.69	-0.37	-0.81	-1.95	-1.03	0.00	0.11	0.00	-0.55	0.00	-1.16	0.00	-1.02	-0.38	-0.51	
1.85	2.21	0.20	-0.62	-1.35	-0.65	-1.86	0.18	0.41	1.97	0.53	0.98	-0.04	0.13	-1.42	-0.36	-0.99	-0.47	-0.26	1.01	-0.59	0.00	1.31	0.73	
1.26	1.37	0.89	0.55	0.70	0.68	0.66	0.88	1.72	1.03	1.39	0.34	0.67	0.17	0.30	0.18	0.89	0.18	0.98	0.71	0.57	0.25	0.15	0.16	
-0.16	0.73	0.54	0.58	-0.15	0.80	0.24	-0.03	-0.17	0.62	0.57	1.17	-2.08	0.59	-0.34	0.86	-0.08	0.00	-0.30	0.90	-0.53	0.76	-0.18	0.12	
-0.47	1.98	2.23	0.50	0.05	-0.88	-1.49	-2.02	-1.69	0.84	1.98	1.95	5.32	1.59	0.97	-0.09	-0.15	-1.12	-0.72	-0.40	-0.44	0.24	0.49	0.32	
0.23	0.42	0.65	-0.13	-0.67	-0.18	-0.29	-0.17	-0.50	0.33	-0.10	0.28	-0.77	0.12	-0.96	-0.08	-0.57	-0.28	0.38	-0.01	-1.13	0.13	0.09	0.29	
0.22	1.38	1.20	0.50	-0.46	-1.05	-0.82	-1.37	-0.36	0.00	1.09	1.07	-0.41	0.49	0.24	-0.35	-0.64	-2.10	0.02	0.25	-1.21	-0.02	-0.20	0.05	
-1.93	2.24	1.14	-1.56	-0.37	-1.80	-0.66	-1.70	-0.37	0.69	2.00	1.21	0.17	0.24	0.27	-0.85	-0.66	-1.05	0.01	1.01	0.37	-0.14	-0.25	-0.18	
-1.11	-0.85	0.20	-0.58	-0.03	-1.75	-1.65	0.00	0.32	-1.00	1.03	0.41	0.00	-0.02	0.00	-0.87	0.00	0.29	0.97	-1.27	0.00	-1.03	-1.29	-1.19	
0.12	0.61	0.50	-0.22	-0.07	0.33	-0.14	0.72	-0.42	-0.37	0.41	-0.18	-0.25	0.26	-0.04	-0.38	-0.41	-0.19	0.23	-0.31	-0.68	-0.33	-0.12	-0.77	
0.40	-0.89	-1.90	-0.67	-1.07	0.46	0.39	1.17	0.05	0.28	-0.71	-1.37	-2.14	-0.86	-1.21	0.11	-1.53	0.60	-0.55	0.37	-0.96	0.57	0.07	-0.06	
0.00	0.00	0.00	-2.98	0.00	0.00	0.00	0.00	0.00	0.00	0.00	0.00	0.00	0.00	0.00	0.00	0.00	0.00	0.00	0.00	0.00	0.00	0.00	0.00	
0.24	0.15	0.50	-0.44	-0.15	-1.54	-0.24	-0.75	-0.13	-0.63	-0.06	-1.67	0.00	0.00	-0.52	-0.28	0.00	0.00	0.40	-0.41	0.00	-0.16	-0.13	-0.94	
-0.66	-0.07	0.40	-0.44	-0.07	-0.28	-0.08	-0.49	-0.04	-0.64	-0.58	0.00	0.00	-0.51	0.30	-0.50	0.00	-0.47	-0.34	0.24	0.00	-0.27	-0.67	-1.38	
1.74	0.53	-0.22	2.00	2.12	2.20	2.26	1.94	1.21	0.08	-0.08	-0.49	-0.29	0.72	0.73	1.93	1.32	1.77	1.33	2.23	0.51	0.54	-0.04	0.33	
0.23	-0.78	-1.30	-0.40	0.38	0.67	0.82	0.77	0.59	-0.71	-0.64	-2.20	0.00	-0.84	-0.77	0.12	0.12	0.49	0.49	1.14	-0.88	-0.79	-0.36	-1.35	
0.23	0.14	-0.28	0.00	0.00	-0.81	0.00	0.00	0.00	-0.92	1.16	0.00	-1.02	0.00	0.00	0.04	0.00	-0.69	0.63	0.86	-0.03	0.46	0.17	-0.05	
DataSet  3:
Brief description: Cellcyle dataset for alpha factor, fkh1,fkh2 timepoints in minutes
Number of Rows, Columns
24,13
Time point of every sample
000     015     030     045     060     075     090     105     120     135     150     165     180
Weight of the DataSet
0.0
Matrix
-0.14	0.47	0.49	0.42	0.67	-0.20	-0.38	-0.23	-0.08	-0.04	0.15	0.23	0.06	
-0.12	0.16	-0.21	0.30	0.56	0.47	0.19	0.08	-0.10	0.11	0.14	0.29	0.17	
-0.13	0.20	-0.12	-0.99	0.42	-0.10	-0.22	0.09	-0.25	0.00	-0.05	-0.12	-0.01	
0.15	0.21	0.25	0.01	-0.15	0.08	-0.10	0.37	0.13	0.06	0.02	0.19	-0.17	
-0.37	0.28	0.33	0.00	0.05	-0.33	-0.39	-0.21	0.08	0.27	-0.12	0.13	0.07	
-0.20	-0.26	-0.23	-0.21	0.02	0.00	-0.41	0.00	-0.17	-0.15	-0.06	0.10	-0.20	
0.00	0.00	0.00	0.00	0.00	-0.04	-0.14	-0.37	0.03	-0.34	-0.04	-0.39	0.32	
0.03	0.06	0.53	-1.06	0.00	0.00	-0.21	-0.21	0.10	0.00	0.05	-0.58	-0.02	
-0.45	-0.85	-0.32	-0.70	-0.05	-0.23	0.37	-0.06	-0.16	-0.20	0.02	0.39	0.23	
-0.36	0.12	0.07	0.18	0.58	-0.14	-0.32	-0.11	-0.06	0.08	0.15	0.22	0.18	
0.28	0.24	0.11	-0.12	0.74	0.27	0.66	0.07	0.04	-0.34	-0.24	-0.31	0.11	
0.89	0.33	-0.38	-0.08	1.09	0.82	1.08	0.61	0.00	-0.67	0.00	-0.19	-0.07	
-0.96	-0.06	0.52	0.82	0.92	0.26	-0.19	-0.16	0.04	0.00	0.44	0.38	0.23	
0.07	-0.83	-0.84	0.00	0.38	0.52	0.76	0.04	-0.32	0.00	-0.02	0.41	0.70	
0.43	0.06	-0.69	0.38	0.69	1.34	1.07	0.27	-0.26	-0.20	0.30	0.79	0.74	
0.31	-0.34	-0.28	-0.24	-0.51	0.39	0.40	-0.01	-0.16	-0.18	-0.11	-0.12	0.25	
-0.01	0.00	-0.10	0.30	1.04	0.95	0.64	0.31	-0.27	-0.29	-0.34	0.12	0.26	
-0.35	0.17	0.47	0.59	0.00	-0.08	-0.22	-0.35	-0.08	0.12	0.18	0.20	-0.12	
-0.69	-0.50	-0.21	0.25	-0.06	-0.17	-0.47	-0.45	-0.22	-0.01	0.20	0.28	0.06	
-0.37	-0.58	-0.22	0.06	-0.02	0.30	0.15	0.07	-0.10	-0.11	0.00	-0.06	0.06	
0.12	-0.06	0.03	-0.10	-0.19	-0.27	0.00	-0.33	0.03	0.00	0.05	0.04	-0.09	
-0.89	-0.32	0.23	0.10	0.24	0.23	-0.24	-0.03	0.18	0.34	0.10	0.30	0.12	
0.12	0.93	0.54	0.44	0.98	0.28	-0.56	-0.24	-0.15	0.50	0.05	0.21	-0.01	
0.73	0.00	0.19	-0.09	0.51	-0.09	0.22	0.07	-0.07	-0.10	-0.23	0.00	-0.01	
DataSet  4:
Brief description: Cellcyle dataset for fkh1,2 alpha factor timepoints in minutes
Number of Rows, Columns
24,13
Time point of every sample
000     015     030     045     060     075     090     105     120     135     150     165     210
Weight of the DataSet
0.0
Matrix
0.22	-0.34	-0.29	-0.15	0.00	0.01	-0.01	0.05	-0.24	-0.50	-0.46	-0.36	-0.15	
0.44	0.75	0.58	0.11	-0.51	-0.26	-0.06	0.71	0.34	0.20	0.17	-0.16	0.13	
0.00	0.33	0.57	0.62	0.38	0.21	0.18	0.19	0.19	0.00	0.29	0.13	0.05	
-0.73	-0.35	-0.37	-0.01	0.04	0.00	-0.17	0.00	-0.27	0.00	-0.10	0.00	0.00	
0.43	0.13	-0.10	0.36	0.29	0.74	0.62	0.00	0.39	0.00	-0.03	0.46	-0.11	
0.55	0.57	0.34	0.75	0.76	0.56	0.30	0.71	0.36	0.23	0.29	0.46	0.26	
0.00	0.00	-0.52	0.00	0.00	0.00	0.00	0.00	0.00	0.00	0.00	0.00	0.00	
0.00	0.00	-0.09	0.00	0.00	0.00	0.00	0.00	0.00	0.00	0.00	0.00	0.00	
0.86	0.78	1.01	0.20	0.19	-0.19	-0.01	0.33	0.55	0.00	0.20	-0.14	-0.27	
0.18	0.20	0.12	0.38	0.30	0.33	0.30	0.15	0.11	0.00	-0.13	0.21	0.31	
-0.36	0.14	0.37	0.12	0.16	-0.07	-0.27	0.32	0.14	0.00	0.42	0.16	0.00	
-0.82	0.54	0.70	0.38	-0.65	-1.04	-1.39	-0.24	0.54	0.00	0.78	0.36	0.36	
0.07	-0.66	-1.44	-1.77	-1.64	-1.49	-0.69	-0.48	-0.68	0.00	-1.31	-1.08	-0.12	
0.93	1.73	1.53	0.84	0.42	-0.13	-0.26	0.69	1.28	0.96	0.82	0.12	0.72	
0.82	2.18	1.82	0.39	0.00	0.00	-1.02	0.00	1.26	1.17	0.73	0.00	0.85	
-0.20	0.67	0.58	0.06	-0.20	-0.61	-0.47	-0.18	0.36	0.00	0.17	-0.07	0.12	
0.14	0.27	0.59	0.21	-0.10	-0.49	-0.65	-0.15	0.35	0.00	0.47	0.07	-0.24	
-0.19	-0.46	-0.57	-1.02	-0.99	-0.08	0.33	0.29	-0.20	0.00	-0.35	-0.58	0.03	
1.00	0.48	0.11	-0.17	0.00	0.10	0.60	0.72	0.54	0.00	0.00	0.01	0.30	
0.11	0.14	-0.14	-0.35	0.04	-0.07	-0.13	-0.42	0.12	0.00	-0.15	-0.35	-0.48	
-0.68	-0.40	-0.40	-0.30	-0.25	0.07	0.14	0.00	0.01	0.00	-0.05	-0.16	-0.03	
1.05	0.45	0.05	0.03	0.09	0.13	0.34	0.20	0.02	0.00	-0.03	0.07	0.00	
0.85	0.41	0.50	0.84	1.16	1.08	0.90	1.21	0.98	0.62	0.70	0.38	0.84	
-1.00	-0.46	0.13	-0.01	0.01	-0.12	-0.05	-0.02	-0.20	0.00	0.03	0.05	0.32	
END
